 000 
 001 
 002 
 003 
 004 
 005 
 006 
 007 
 008 
 011 
 012 
 013 
 014 
 015 
 017 
 018 
 020 
 021 
 022 
 023 
 024 
 026 
 027 
 028 
 029 
 030 
 031 
 033 
 034 
 035 
 036 
 037 
 040 
 041 
 044 
 045 
 046 
 047 
 049 
 050 
 051 
 054 
 056 
 057 
 058 
 059 
 060 
 062 
 064 
 066 
 067 
 068 
 069 
 070 
 071 
 072 
 073 
 074 
 075 
 076 
 077 
 078 
 080 
 081 
 082 
 084 
 086 
 087 
 088 
 090 
 091 
 093 
 094 
 095 
 096 
 097 
 099 
 100 
 101 
 102 
 103 
 105 
 106 
 107 
 108 
 109 
 110 
 111 
 112 
 114 
 115 
 117 
 118 
 119 
 120 
 121 
 122 
 123 
 124 
 125 
 126 
 129 
 130 
 131 
 132 
 133 
 134 
 136 
 137 
 138 
 139 
 140 
 142 
 145 
 146 
 147 
 148 
 149 
 150 
 151 
 152 
 153 
 154 
 157 
 158 
 159 
 160 
 161 
 162 
 163 
 164 
 165 
 166 
 167 
 169 
 170 
 171 
 173 
 174 
 175 
 176 
 177 
 178 
 179 
 181 
 182 
 184 
 186 
 187 
 189 
 190 
 191 
 192 
 194 
 195 
 196 
 198 
 200 
 201 
 202 
 203 
 204 
 206 
 207 
 208 
 209 
 210 
 211 
 212 
 213 
 214 
 215 
 216 
 217 
 219 
 220 
 221 
 222 
 223 
 225 
 226 
 227 
 228 
 229 
 231 
 232 
 233 
 234 
 235 
 236 
 237 
 240 
 241 
 243 
 244 
 245 
 246 
 247 
